1
10
11
1129
1131
1134
1135
1144
1158
1163
1164
1192
13
1338
1339
14
1422
1438
15
16
1610
1669
1679
1680
17
1761
18
1882
1895
19
1906
1917
1918
1945
1949
1954
2
20
2036
2054
2059
2065
2091
21
2101
2116
2120
2124
2127
2137
2138
2148
2149
2152
2168
2170
2173
2177
2189
2196
22
2207
2215
2223
2258
2261
2262
2264
2268
2274
2278
2282
2284
2288
2289
2293
2299
23
2300
2302
2303
2304
2307
2340
2375
2389
24
2406
2409
2414
2417
2419
2423
2429
2440
2442
2450
2490
2502
2551
2558
2579
2598
2638
2716
277
278
279
282
288
289
290
292
293
295
2964
30
31
32
33
365
366
376
377
389
390
391
392
393
394
395
396
397
398
399
4
400
41
43
44
45
47
482
506
520
571
573
575
577
578
581
586
590
6
60
651
653
655
657
658
679
680
684
685
697
698
7
700
702
709
710
712
713
717
718
719
721
723
725
728
729
765
770
8
8139
8651
8762
878
8959
9
9179
9361
9368
9369
95
9613
9726
9752
9761
9771
9772
9773
9774
506
651
653
655
679
680
685
697
709
723
729
765
770
878
1129
1131
1134
1135
1144
1158
1163
1164
1338
1339
1679
8959
10654
10711
506
651
653
655
679
680
685
697
709
723
729
765
770
878
1129
1131
1134
1135
1144
1158
1163
1164
1338
1339
1679
8959
10748
10778
